0.000000000000000000e+00
5.630640592462643766e-05
9.769219559494120297e-05
1.346511857270839220e-04
1.689031359157457319e-04
2.012062657779462255e-04
2.319858580321574053e-04
2.615129442904258407e-04
2.899747812440225166e-04
3.175082118450466961e-04
3.442174647290849277e-04
3.701844981230749247e-04
3.954754112099368737e-04
4.201446237988831073e-04
4.442377142961515739e-04
4.677934124043754997e-04
4.908450382532689952e-04
5.134215669576178056e-04
5.355484325409357428e-04
5.572481460689246305e-04
5.785407785171536301e-04
5.994443433060342918e-04
6.199751031724523923e-04
6.401478191306098943e-04
6.599759545147192543e-04
6.794718437584741817e-04
6.986468331856409558e-04
7.175113993618829683e-04
7.360752492913548006e-04
7.543474057991536585e-04
7.723362807311393843e-04
7.900497380624600229e-04
8.074951485907537214e-04
8.246794375676248573e-04
8.416091263695082807e-04
8.582903691097795761e-04
8.747289849354278855e-04
8.909304866245969104e-04
9.069001059988702519e-04
9.226428165810077750e-04
9.381633538609604949e-04
9.534662334772311823e-04
9.685557675746111431e-04
9.834360795611576510e-04
9.981111174554111592e-04
1.012584665988212028e-03
1.026860357601026797e-03
1.040941682463773299e-03
1.054831997619047699e-03
1.068534535346010901e-03
1.082052410825486274e-03
1.095388629177847283e-03
1.108546091936627983e-03
1.121527603013397880e-03
1.134335874202999257e-03
1.146973530272673777e-03
1.159443113673762696e-03
1.171747088910421236e-03
1.183887846596093363e-03
1.195867707225237555e-03
1.207688924684962011e-03
1.219353689528664695e-03
1.230864132031627952e-03
1.242222325046467247e-03
1.253430286674658877e-03
1.264489982768789676e-03
1.275403329278797628e-03
1.286172194454249717e-03
1.296798400913588400e-03
1.307283727590329578e-03
1.317629911565255853e-03
1.327838649792920664e-03
1.337911600730012397e-03
1.347850385872526686e-03
1.357656591208071918e-03
1.367331768589160040e-03
1.376877437032818447e-03
1.386295083951447635e-03
1.395586166319455913e-03
1.404752111779852732e-03
1.413794319694649994e-03
1.422714162142636827e-03
1.431512984867815792e-03
1.440192108181553420e-03
1.448752827821269198e-03
1.457196415768276156e-03
1.465524121027215977e-03
1.473737170369335096e-03
1.481836769041716207e-03
1.489824101444412168e-03
1.497700331777306179e-03
1.505466604658404518e-03
1.513124045715131573e-03
1.520673762150132448e-03
1.528116843282938207e-03
1.535454361068812118e-03
1.542687370595975833e-03
1.549816910562353467e-03
1.556844003732898909e-03
1.563769657378497784e-03
1.570594863697398350e-03
1.577320600220024401e-03
1.583947830198019968e-03
1.590477502978291475e-03
1.596910554362787876e-03
1.603247906954696376e-03
1.609490470491714911e-03
1.615639142167006994e-03
1.621694806938417692e-03
1.627658337826498472e-03
1.633530596201852219e-03
1.639312432062287614e-03
1.645004684300242163e-03
1.650608180960905138e-03
1.656123739491463086e-03
1.661552166981844969e-03
1.666894260397345324e-03
1.672150806803468937e-03
1.677322583583337441e-03
1.682410358647964260e-03
1.687414890639702325e-03
1.692336929129152319e-03
1.697177214805782553e-03
1.701936479662547776e-03
1.706615447174720298e-03
1.711214832473184969e-03
1.715735342512411362e-03
1.720177676233316990e-03
1.724542524721212793e-03
1.728830571359035381e-03
1.733042491976040595e-03
1.737178954992127508e-03
1.741240621557966139e-03
1.745228145691081739e-03
1.749142174408057412e-03
1.752983347852973481e-03
1.756752299422254231e-03
1.760449655886025264e-03
1.764076037506130418e-03
1.767632058150904115e-03
1.771118325406838322e-03
1.774535440687237831e-03
1.777883999337973985e-03
1.781164590740439433e-03
1.784377798411805171e-03
1.787524200102653818e-03
1.790604367892104695e-03
1.793618868280494674e-03
1.796568262279705890e-03
1.799453105501214656e-03
1.802273948241943802e-03
1.805031335567985635e-03
1.807725807396255366e-03
1.810357898574163930e-03
1.812928138957359183e-03
1.815437053485587961e-03
1.817885162256767037e-03
1.820272980599289218e-03
1.822601019142641547e-03
1.824869783886367940e-03
1.827079776267453645e-03
1.829231493226152151e-03
1.831325427270314799e-03
1.833362066538280800e-03
1.835341894860343477e-03
1.837265391818849319e-03
1.839133032806988420e-03
1.840945289086274098e-03
1.842702627842786323e-03
1.844405512242198227e-03
1.846054401483624525e-03
1.847649750852319375e-03
1.849192011771273346e-03
1.850681631851713600e-03
1.852119054942569102e-03
1.853504721178903664e-03
1.854839067029361065e-03
1.856122525342641331e-03
1.857355525393040259e-03
1.858538492925077565e-03
1.859671850197227964e-03
1.860756016024798327e-03
1.861791405821951358e-03
1.862778431642919588e-03
1.863717502222414458e-03
1.864609023015265619e-03
1.865453396235293047e-03
1.866251020893455780e-03
1.867002292835267521e-03
1.867707604777525069e-03
1.868367346344348284e-03
1.868981904102558472e-03
1.869551661596404509e-03
1.870076999381663609e-03
1.870558295059120829e-03
1.870995923307449890e-03
1.871390255915507004e-03
1.871741661814057232e-03
1.872050507106936624e-03
1.872317155101674638e-03
1.872541966339584659e-03
1.872725298625331491e-03
1.872867507056001852e-03
1.872968944049672449e-03
1.873029959373498626e-03
1.873050900171328121e-03
1.873032110990867057e-03
1.872973933810372126e-03
1.872876708064934040e-03
1.872740770672299973e-03
1.872566456058304173e-03
1.872354096181867928e-03
1.872104020559611391e-03
1.871816556290064899e-03
1.871492028077504722e-03
1.871130758255405441e-03
1.870733066809534759e-03
1.870299271400683357e-03
1.869829687387043705e-03
1.869324627846254486e-03
1.868784403597092882e-03
1.868209323220858947e-03
1.867599693082419750e-03
1.866955817350947995e-03
1.866277998020354463e-03
1.865566534929410372e-03
1.864821725781583501e-03
1.864043866164579420e-03
1.863233249569599091e-03
1.862390167410322159e-03
1.861514909041617465e-03
1.860607761777983591e-03
1.859669010911735917e-03
1.858698939730932384e-03
1.857697829537046210e-03
1.856665959662404195e-03
1.855603607487366557e-03
1.854511048457292092e-03
1.853388556099253969e-03
1.852236402038537387e-03
1.851054856014913881e-03
1.849844185898698356e-03
1.848604657706583859e-03
1.847336535617283802e-03
1.846040081986947794e-03
1.844715557364391646e-03
1.843363220506120514e-03
1.841983328391158395e-03
1.840576136235694401e-03
1.839141897507530835e-03
1.837680863940350856e-03
1.836193285547814413e-03
1.834679410637460968e-03
1.833139485824456958e-03
1.831573756045151583e-03
1.829982464570487077e-03
1.828365853019226200e-03
1.826724161371026840e-03
1.825057627979355954e-03
1.823366489584248669e-03
1.821650981324908448e-03
1.819911336752169564e-03
1.818147787840792813e-03
1.816360565001632872e-03
1.814549897093651470e-03
1.812716011435799380e-03
1.810859133818751602e-03
1.808979488516508551e-03
1.807077298297870161e-03
1.805152784437774041e-03
1.803206166728500920e-03
1.801237663490764303e-03
1.799247491584659610e-03
1.797235866420505328e-03
1.795203001969559705e-03
1.793149110774608411e-03
1.791074403960453551e-03
1.788979091244270823e-03
1.786863380945864343e-03
1.784727479997806968e-03
1.782571593955468731e-03
1.780395927006945753e-03
1.778200681982869229e-03
1.775986060366125090e-03
1.773752262301464587e-03
1.771499486605010139e-03
1.769227930773665559e-03
1.766937790994430654e-03
1.764629262153618238e-03
1.762302537845969030e-03
1.759957810383685865e-03
1.757595270805366230e-03
1.755215108884841972e-03
1.752817513139946163e-03
1.750402670841169584e-03
1.747970768020249994e-03
1.745521989478662946e-03
1.743056518796032165e-03
1.740574538338463808e-03
1.738076229266788137e-03
1.735561771544732014e-03
1.733031343947000766e-03
1.730485124067291085e-03
1.727923288326223489e-03
1.725346011979197146e-03
1.722753469124172930e-03
1.720145832709383616e-03
1.717523274540964061e-03
1.714885965290521754e-03
1.712234074502626919e-03
1.709567770602233444e-03
1.706887220902039096e-03
1.704192591609770494e-03
1.701484047835405194e-03
1.698761753598320269e-03
1.696025871834392100e-03
1.693276564403014195e-03
1.690513992094062759e-03
1.687738314634794822e-03
1.684949690696692587e-03
1.682148277902232756e-03
1.679334232831611621e-03
1.676507711029402280e-03
1.673668867011152009e-03
1.670817854269931275e-03
1.667954825282814448e-03
1.665079931517316056e-03
1.662193323437760042e-03
1.659295150511603482e-03
1.656385561215705871e-03
1.653464703042535101e-03
1.650532722506333752e-03
1.647589765149232036e-03
1.644635975547295266e-03
1.641671497316539875e-03
1.638696473118887633e-03
1.635711044668076508e-03
1.632715352735513836e-03
1.629709537156095013e-03
1.626693736833964305e-03
1.623668089748233137e-03
1.620632732958647657e-03
1.617587802611219214e-03
1.614533433943800408e-03
1.611469761291621679e-03
1.608396918092781921e-03
1.605315036893696168e-03
1.602224249354502724e-03
1.599124686254421506e-03
1.596016477497076399e-03
1.592899752115771624e-03
1.589774638278732130e-03
1.586641263294298002e-03
1.583499753616082447e-03
1.580350234848089440e-03
1.577192831749790617e-03
1.574027668241163771e-03
1.570854867407697319e-03
1.567674551505347270e-03
1.564486841965472518e-03
1.561291859399712659e-03
1.558089723604848265e-03
1.554880553567613644e-03
1.551664467469477098e-03
1.548441582691387772e-03
1.545212015818483694e-03
1.541975882644765769e-03
1.538733298177746194e-03
1.535484376643045682e-03
1.532229231488973793e-03
1.528967975391071514e-03
1.525700720256612658e-03
1.522427577229085519e-03
1.519148656692635062e-03
1.515864068276471729e-03
1.512573920859258767e-03
1.509278322573455108e-03
1.505977380809641556e-03
1.502671202220799262e-03
1.499359892726580615e-03
1.496043557517528523e-03
1.492722301059281383e-03
1.489396227096740754e-03
1.486065438658215176e-03
1.482730038059530166e-03
1.479390126908115008e-03
1.476045806107062009e-03
1.472697175859150401e-03
1.469344335670852691e-03
1.465987384356308041e-03
1.462626420041269635e-03
1.459261540167026234e-03
1.455892841494299669e-03
1.452520420107108719e-03
1.449144371416621500e-03
1.445764790164961230e-03
1.442381770429008309e-03
1.438995405624166404e-03
1.435605788508100564e-03
1.432213011184460365e-03
1.428817165106571838e-03
1.425418341081106412e-03
1.422016629271730332e-03
1.418612119202723081e-03
1.415204899762578230e-03
1.411795059207581306e-03
1.408382685165359685e-03
1.404967864638412972e-03
1.401550684007624951e-03
1.398131229035741701e-03
1.394709584870843866e-03
1.391285836049780972e-03
1.387860066501592519e-03
1.384432359550910423e-03
1.381002797921330018e-03
1.377571463738771736e-03
1.374138438534811988e-03
1.370703803249998876e-03
1.367267638237146211e-03
1.363830023264606291e-03
1.360391037519523803e-03
1.356950759611069571e-03
1.353509267573651956e-03
1.350066638870113956e-03
1.346622950394902761e-03
1.343178278477229984e-03
1.339732698884205661e-03
1.336286286823953808e-03
1.332839116948714327e-03
1.329391263357916934e-03
1.325942799601247720e-03
1.322493798681691202e-03
1.319044333058551344e-03
1.315594474650463256e-03
1.312144294838376701e-03
1.308693864468535263e-03
1.305243253855420827e-03
1.301792532784695451e-03
1.298341770516120257e-03
1.294891035786454583e-03
1.291440396812344087e-03
1.287989921293187807e-03
1.284539676413987662e-03
1.281089728848187762e-03
1.277640144760489645e-03
1.274190989809652992e-03
1.270742329151288092e-03
1.267294227440619262e-03
1.263846748835243056e-03
1.260399956997865006e-03
1.256953915099025742e-03
1.253508685819802390e-03
1.250064331354506283e-03
1.246620913413357470e-03
1.243178493225145570e-03
1.239737131539878252e-03
1.236296888631412605e-03
1.232857824300068053e-03
1.229419997875237560e-03
1.225983468217966502e-03
1.222548293723529824e-03
1.219114532323992703e-03
1.215682241490749754e-03
1.212251478237062708e-03
1.208822299120571649e-03
1.205394760245802116e-03
1.201968917266648361e-03
1.198544825388855959e-03
1.195122539372477522e-03
1.191702113534322564e-03
1.188283601750395220e-03
1.184867057458312018e-03
1.181452533659713144e-03
1.178040082922656362e-03
1.174629757383998134e-03
1.171221608751767378e-03
1.167815688307518186e-03
1.164412046908673863e-03
1.161010734990862740e-03
1.157611802570230990e-03
1.154215299245752195e-03
1.150821274201524339e-03
1.147429776209044896e-03
1.144040853629487223e-03
1.140654554415952010e-03
1.137270926115720691e-03
1.133890015872481309e-03
1.130511870428555898e-03
1.127136536127106188e-03
1.123764058914338438e-03
1.120394484341683981e-03
1.117027857567977605e-03
1.113664223361623138e-03
1.110303626102744504e-03
1.106946109785324206e-03
1.103591718019340936e-03
1.100240494032882904e-03
1.096892480674257911e-03
1.093547720414090848e-03
1.090206255347410131e-03
1.086868127195721786e-03
1.083533377309077667e-03
1.080202046668127854e-03
1.076874175886160688e-03
1.073549805211142369e-03
1.070228974527737478e-03
1.066911723359318656e-03
1.063598090869969552e-03
1.060288115866480849e-03
1.056981836800326537e-03
1.053679291769638038e-03
1.050380518521165088e-03
1.047085554452227519e-03
1.043794436612657502e-03
1.040507201706729421e-03
1.037223886095085422e-03
1.033944525796642302e-03
1.030669156490499712e-03
1.027397813517830997e-03
1.024130531883765162e-03
1.020867346259263621e-03
1.017608290982983292e-03
1.014353400063132534e-03
1.011102707179316893e-03
1.007856245684376388e-03
1.004614048606210447e-03
1.001376148649603479e-03
9.981425781980257390e-04
9.949133693154398224e-04
9.916885537480889506e-04
9.884681629262811325e-04
9.852522279661635705e-04
9.820407796714855728e-04
9.788338485353571296e-04
9.756314647419943699e-04
9.724336581684600318e-04
9.692404583863956915e-04
9.660518946637380562e-04
9.628679959664382913e-04
9.596887909601640012e-04
9.565143080119980655e-04
9.533445751921235979e-04
9.501796202755067363e-04
9.470194707435690244e-04
9.438641537858483014e-04
9.407136963016585066e-04
9.375681249017321379e-04
9.344274659098634681e-04
9.312917453645413535e-04
9.281609890205662133e-04
9.250352223506732967e-04
9.219144705471368686e-04
9.187987585233710341e-04
9.156881109155213475e-04
9.125825520840516502e-04
9.094821061153163808e-04
9.063867968231383064e-04
9.032966477503609915e-04
9.002116821704091816e-04
8.971319230888334662e-04
8.940573932448501711e-04
8.909881151128742037e-04
8.879241109040411639e-04
8.848654025677279381e-04
8.818120117930599569e-04
8.787639600104152002e-04
8.757212683929228901e-04
8.726839578579428849e-04
8.696520490685586248e-04
8.666255624350439500e-04
8.636045181163317600e-04
8.605889360214748684e-04
8.575788358111019775e-04
8.545742368988572821e-04
8.515751584528470121e-04
8.485816193970688445e-04
8.455936384128365452e-04
8.426112339402036348e-04
8.396344241793713336e-04
8.366632270920941212e-04
8.336976604030825857e-04
8.307377416013934793e-04
8.277834879418139195e-04
8.248349164462461316e-04
8.218920439050719177e-04
8.189548868785270991e-04
8.160234616980554688e-04
8.130977844676666455e-04
8.101778710652778829e-04
8.072637371440610820e-04
8.043553981337711557e-04
8.014528692420786219e-04
7.985561654558898364e-04
7.956653015426601782e-04
7.927802920517072359e-04
7.899011513155141263e-04
7.870278934510226230e-04
7.841605323609271514e-04
7.812990817349601104e-04
7.784435550511713394e-04
7.755939655771982612e-04
7.727503263715347235e-04
7.699126502847935529e-04
7.670809499609597838e-04
7.642552378386391169e-04
7.614355261523057285e-04
7.586218269335341397e-04
7.558141520122367259e-04
7.530125130178857203e-04
7.502169213807356523e-04
7.474273883330387379e-04
7.446439249102510547e-04
7.418665419522399093e-04
7.390952501044789538e-04
7.363300598192396148e-04
7.335709813567821988e-04
7.308180247865322509e-04
7.280711999882594080e-04
7.253305166532445425e-04
7.225959842854485322e-04
7.198676122026682368e-04
7.171454095376923656e-04
7.144293852394498646e-04
7.117195480741508222e-04
7.090159066264279178e-04
7.063184693004680029e-04
7.036272443211366362e-04
7.009422397351044607e-04
6.982634634119617642e-04
6.955909230453313037e-04
6.929246261539728910e-04
6.902645800828879777e-04
6.876107920044123144e-04
6.849632689193116452e-04
6.823220176578642833e-04
6.796870448809428202e-04
6.770583570810920389e-04
6.744359605835980459e-04
6.718198615475568609e-04
6.692100659669331401e-04
6.666065796716180323e-04
6.640094083284789036e-04
6.614185574424099288e-04
6.588340323573686980e-04
6.562558382574161823e-04
6.536839801677481361e-04
6.511184629557230288e-04
6.485592913318831464e-04
6.460064698509729829e-04
6.434600029129535111e-04
6.409198947640083223e-04
6.383861494975499829e-04
6.358587710552165246e-04
6.333377632278681512e-04
6.308231296565759228e-04
6.283148738336052355e-04
6.258129991034000602e-04
6.233175086635581825e-04
6.208284055657998287e-04
6.183456927169381353e-04
6.158693728798407280e-04
6.133994486743876142e-04
6.109359225784233294e-04
6.084787969287107096e-04
6.060280739218713289e-04
6.035837556153275619e-04
6.011458439282393353e-04
5.987143406424346977e-04
5.962892474033391985e-04
5.938705657208963751e-04
5.914582969704898670e-04
5.890524423938544706e-04
5.866530030999892549e-04
5.842599800660628695e-04
5.818733741383152764e-04
5.794931860329556855e-04
5.771194163370557207e-04
5.747520655094392247e-04
5.723911338815677267e-04
5.700366216584220073e-04
5.676885289193769413e-04
5.653468556190776413e-04
5.630116015883055184e-04
5.606827665348457527e-04
5.583603500443466315e-04
5.560443515811752018e-04
5.537347704892732481e-04
5.514316059930041624e-04
5.491348571979967792e-04
5.468445230919892095e-04
5.445606025456648696e-04
5.422830943134831962e-04
5.400119970345127482e-04
5.377473092332537901e-04
5.354890293204616356e-04
5.332371555939616420e-04
5.309916862394675665e-04
5.287526193313863690e-04
5.265199528336298460e-04
5.242936846004115194e-04
5.220738123770499216e-04
5.198603338007621233e-04
5.176532464014543334e-04
5.154525476025088133e-04
5.132582347215715497e-04
5.110703049713270253e-04
5.088887554602789529e-04
5.067135831935217936e-04
5.045447850735092395e-04
5.023823579008204190e-04
5.002262983749232840e-04
4.980766030949308407e-04
4.959332685603568382e-04
4.937962911718675550e-04
4.916656672320301145e-04
4.895413929460538634e-04
4.874234644225355971e-04
4.853118776741925894e-04
4.832066286185986571e-04
4.811077130789139910e-04
4.790151267846123298e-04
4.769288653722040692e-04
4.748489243859545998e-04
4.727752992786043258e-04
4.707079854120795222e-04
4.686469780582016740e-04
4.665922723993961652e-04
4.645438635293924019e-04
4.625017464539271346e-04
4.604659160914368297e-04
4.584363672737543777e-04
4.564130947467960977e-04
4.543960931712510737e-04
4.523853571232610031e-04
4.503808810951028105e-04
4.483826594958647020e-04
4.463906866521194007e-04
4.444049568085942374e-04
4.424254641288395077e-04
4.404522026958896178e-04
4.384851665129272128e-04
4.365243495039388484e-04
4.345697455143686556e-04
4.326213483117715732e-04
4.306791515864600195e-04
4.287431489521500235e-04
4.268133339466003611e-04
4.248897000322563009e-04
4.229722405968802841e-04
4.210609489541879721e-04
4.191558183444758908e-04
4.172568419352501597e-04
4.153640128218471974e-04
4.134773240280563791e-04
4.115967685067366765e-04
4.097223391404328642e-04
4.078540287419834859e-04
4.059918300551335914e-04
4.041357357551374446e-04
4.022857384493620987e-04
4.004418306778877732e-04
3.986040049141047615e-04
3.967722535653054054e-04
3.949465689732769907e-04
3.931269434148903065e-04
3.913133691026834883e-04
3.895058381854442885e-04
3.877043427487917508e-04
3.859088748157504041e-04
3.841194263473261903e-04
3.823359892430763210e-04
3.805585553416771286e-04
3.787871164214909954e-04
3.770216642011289462e-04
3.752621903400089583e-04
3.735086864389149759e-04
3.717611440405490402e-04
3.700195546300863469e-04
3.682839096357210331e-04
3.665542004292141336e-04
3.648304183264357357e-04
3.631125545879078939e-04
3.614006004193398461e-04
3.596945469721668075e-04
3.579943853440801464e-04
3.563001065795590215e-04
3.546117016703962755e-04
3.529291615562250850e-04
3.512524771250409507e-04
3.495816392137192407e-04
3.479166386085347402e-04
3.462574660456752386e-04
3.446041122117531096e-04
3.429565677443138024e-04
3.413148232323447119e-04
3.396788692167771102e-04
3.380486961909892163e-04
3.364242946013042243e-04
3.348056548474881693e-04
3.331927672832422633e-04
3.315856222166953943e-04
3.299842099108945648e-04
3.283885205842878500e-04
3.267985444112124515e-04
3.252142715223732094e-04
3.236356920053243139e-04
3.220627959049433180e-04
3.204955732239080785e-04
3.189340139231672451e-04
3.173781079224089613e-04
3.158278451005294566e-04
3.142832152960976810e-04
3.127442083078161455e-04
3.112108138949815452e-04
3.096830217779419133e-04
3.081608216385529073e-04
3.066442031206301384e-04
3.051331558303977602e-04
3.036276693369388460e-04
3.021277331726412670e-04
3.006333368336386921e-04
2.991444697802548929e-04
2.976611214374397024e-04
2.961832811952077910e-04
2.947109384090718597e-04
2.932440824004752368e-04
2.917827024572200835e-04
2.903267878338978221e-04
2.888763277523117038e-04
2.874313114019008946e-04
2.859917279401609828e-04
2.845575664930634569e-04
2.831288161554707927e-04
2.817054659915511601e-04
2.802875050351905290e-04
2.788749222904022803e-04
2.774677067317349202e-04
2.760658473046775181e-04
2.746693329260624871e-04
2.732781524844676065e-04
2.718922948406143577e-04
2.705117488277643083e-04
2.691365032521156049e-04
2.677665468931932319e-04
2.664018685042410586e-04
2.650424568126101468e-04
2.636883005201438044e-04
2.623393883035641042e-04
2.609957088148510290e-04
2.596572506816248699e-04
2.583240025075230948e-04
2.569959528725766751e-04
2.556730903335845692e-04
2.543554034244831100e-04
2.530428806567190788e-04
2.517355105196154071e-04
2.504332814807377450e-04
2.491361819862574520e-04
2.478442004613144256e-04
2.465573253103766228e-04
2.452755449175960572e-04
2.439988476471679146e-04
2.427272218436812379e-04
2.414606558324731902e-04
2.401991379199770835e-04
2.389426563940715465e-04
2.376911995244260320e-04
2.364447555628452417e-04
2.352033127436107846e-04
2.339668592838222675e-04
2.327353833837350508e-04
2.315088732270960804e-04
2.302873169814801529e-04
2.290707027986205700e-04
2.278590188147417719e-04
2.266522531508869830e-04
2.254503939132449907e-04
2.242534291934771408e-04
2.230613470690383422e-04
2.218741356035008373e-04
2.206917828468714664e-04
2.195142768359112633e-04
2.183416055944508772e-04
2.171737571337044759e-04
2.160107194525825655e-04
2.148524805380022077e-04
2.136990283651955022e-04
2.125503508980177445e-04
2.114064360892508666e-04
2.102672718809083148e-04
2.091328462045361869e-04
2.080031469815123634e-04
2.068781621233458832e-04
2.057578795319724965e-04
2.046422871000495684e-04
2.035313727112495722e-04
2.024251242405490289e-04
2.013235295545211885e-04
2.002265765116211470e-04
1.991342529624731065e-04
1.980465467501543817e-04
1.969634457104775906e-04
1.958849376722733332e-04
1.948110104576659582e-04
1.937416518823552932e-04
1.926768497558898360e-04
1.916165918819416549e-04
1.905608660585786580e-04
1.895096600785362950e-04
1.884629617294868457e-04
1.874207587943059982e-04
1.863830390513396436e-04
1.853497902746683408e-04
1.843210002343698823e-04
1.832966566967803165e-04
1.822767474247538849e-04
1.812612601779205201e-04
1.802501827129426935e-04
1.792435027837694977e-04
1.782412081418910279e-04
1.772432865365881547e-04
1.762497257151847906e-04
1.752605134232944925e-04
1.742756374050682012e-04
1.732950854034398134e-04
1.723188451603698023e-04
1.713469044170869398e-04
1.703792509143299387e-04
1.694158723925865459e-04
1.684567565923308745e-04
1.675018912542589197e-04
1.665512641195251856e-04
1.656048629299741899e-04
1.646626754283727267e-04
1.637246893586401784e-04
1.627908924660766046e-04
1.618612724975911023e-04
1.609358172019263169e-04
1.600145143298839566e-04
1.590973516345458607e-04
1.581843168714972914e-04
1.572753977990458613e-04
1.563705821784399730e-04
1.554698577740859576e-04
1.545732123537636412e-04
1.536806336888408002e-04
1.527921095544855024e-04
1.519076277298776073e-04
1.510271759984186139e-04
1.501507421479400712e-04
1.492783139709111218e-04
1.484098792646435243e-04
1.475454258314964863e-04
1.466849414790793830e-04
1.458284140204533109e-04
1.449758312743314474e-04
1.441271810652774337e-04
1.432824512239028885e-04
1.424416295870646794e-04
1.416047039980575576e-04
1.407716623068091253e-04
1.399424923700715224e-04
1.391171820516120562e-04
1.382957192224019884e-04
1.374780917608055112e-04
1.366642875527665827e-04
1.358542944919930513e-04
1.350481004801420276e-04
1.342456934270020569e-04
1.334470612506752927e-04
1.326521918777562542e-04
1.318610732435125904e-04
1.310736932920617231e-04
1.302900399765468135e-04
1.295101012593129447e-04
1.287338651120797537e-04
1.279613195161153922e-04
1.271924524624058240e-04
1.264272519518271326e-04
1.256657059953126773e-04
1.249078026140216060e-04
1.241535298395035993e-04
1.234028757138666240e-04
1.226558282899382890e-04
1.219123756314294927e-04
1.211725058130961853e-04
1.204362069208983948e-04
1.197034670521606207e-04
1.189742743157286774e-04
1.182486168321264703e-04
1.175264827337114021e-04
1.168078601648288311e-04
1.160927372819646865e-04
1.153811022538974595e-04
1.146729432618488807e-04
1.139682484996333637e-04
1.132670061738066356e-04
1.125692045038121855e-04
1.118748317221278084e-04
1.111838760744107929e-04
1.104963258196404129e-04
1.098121692302622210e-04
1.091313945923273689e-04
1.084539902056351929e-04
1.077799443838703934e-04
1.071092454547424084e-04
1.064418817601217251e-04
1.057778416561757170e-04
1.051171135135039114e-04
1.044596857172704789e-04
1.038055466673378077e-04
1.031546847783974200e-04
1.025070884801004974e-04
1.018627462171862769e-04
1.012216464496119113e-04
1.005837776526779251e-04
9.994912831715440228e-05
9.931768694940733592e-05
9.868944207152042527e-05
9.806438222141946064e-05
9.744249595299302224e-05
9.682377183621438516e-05
9.620819845725984650e-05
9.559576441862791983e-05
9.498645833925717439e-05
9.438026885464235322e-05
9.377718461694994900e-05
9.317719429513289921e-05
9.258028657504381738e-05
9.198645015954737074e-05
9.139567376863193943e-05
9.080794613952005605e-05
9.022325602677797789e-05
8.964159220242286024e-05
8.906294345603232865e-05
8.848729859484898239e-05
8.791464644388698516e-05
8.734497584603601289e-05
8.677827566216505259e-05
8.621453477122448001e-05
8.565374207034824562e-05
8.509588647495355351e-05
8.454095691884177350e-05
8.398894235429563984e-05
8.343983175217788649e-05
8.289361410202787672e-05
8.235027841215731095e-05
8.180981370974494543e-05
8.127220904093109401e-05
8.073745347090933804e-05
8.020553608402073006e-05
7.967644598384244082e-05
7.915017229328010623e-05
7.862670415465605430e-05
7.810603072979781670e-05
7.758814120012566453e-05
7.707302476673950713e-05
7.656067065050401550e-05
7.605106809213412519e-05
7.554420635227793710e-05
7.504007471160079740e-05
7.453866247086692433e-05
7.403995895102026266e-05
7.354395349326535154e-05
7.305063545914712185e-05
7.255999423062840304e-05
7.207201921016878534e-05
7.158669982080087979e-05
7.110402550620670032e-05
7.062398573079263627e-05
7.014656997976363901e-05
6.967176775919711024e-05
6.919956859611521831e-05
6.872996203855671307e-05
6.826293765564818504e-05
6.779848503767371183e-05
6.733659379614450463e-05
6.687725356386751106e-05
6.642045399501239177e-05
6.596618476517933729e-05
6.551443557146429634e-05
6.506519613252455649e-05
6.461845618864302384e-05
6.417420550179177079e-05
6.373243385569543477e-05
6.329313105589223169e-05
6.285628692979590459e-05
6.242189132675614077e-05
6.198993411811757953e-05
6.156040519727986335e-05
6.113329447975435530e-05
6.070859190322238773e-05
6.028628742759165439e-05
5.986637103505167411e-05
5.944883273012915967e-05
5.903366253974228888e-05
5.862085051325363399e-05
5.821038672252390423e-05
5.780226126196302529e-05
5.739646424858184896e-05
5.699298582204279898e-05
5.659181614470929026e-05
5.619294540169499915e-05
5.579636380091211720e-05
5.540206157311897470e-05
5.501002897196685117e-05
5.462025627404618267e-05
5.423273377893188821e-05
5.384745180922827608e-05
5.346440071061274397e-05
5.308357085187926223e-05
5.270495262498115923e-05
5.232853644507263948e-05
5.195431275055001726e-05
5.158227200309236737e-05
5.121240468770154577e-05
5.084470131274078039e-05
5.047915240997330260e-05
5.011574853460049761e-05
4.975448026529840815e-05
4.939533820425434668e-05
4.903831297720299249e-05
4.868339523346071351e-05
4.833057564596062670e-05
4.797984491128602533e-05
4.763119374970349460e-05
4.728461290519553935e-05
4.694009314549188363e-05
4.659762526210117003e-05
4.625720007034097854e-05
4.591880840936790641e-05
4.558244114220685514e-05
4.524808915577923328e-05
4.491574336093123379e-05
4.458539469246110173e-05
4.425703410914544648e-05
4.393065259376594022e-05
4.360624115313407840e-05
4.328379081811644166e-05
4.296329264365873800e-05
4.264473770880955358e-05
4.232811711674282961e-05
4.201342199478103035e-05
4.170064349441632577e-05
4.138977279133195029e-05
4.108080108542285007e-05
4.077371960081553745e-05
4.046851958588778278e-05
4.016519231328694424e-05
3.986372907994880580e-05
3.956412120711473476e-05
3.926636004034888666e-05
3.897043694955505786e-05
3.867634332899204733e-05
3.838407059728940468e-05
3.809361019746226342e-05
3.780495359692527969e-05
3.751809228750646943e-05
3.723301778546063217e-05
3.694972163148124331e-05
3.666819539071318002e-05
3.638843065276360384e-05
3.611041903171347364e-05
3.583415216612743887e-05
3.555962171906376011e-05
3.528681937808399226e-05
3.501573685526129906e-05
3.474636588718886922e-05
3.447869823498792593e-05
3.421272568431442862e-05
3.394844004536582885e-05
3.368583315288781275e-05
3.342489686617914599e-05
3.316562306909730490e-05
3.290800367006290134e-05
3.265203060206376204e-05
3.239769582265864873e-05
3.214499131398027362e-05
3.189390908273807764e-05
3.164444116021997871e-05
3.139657960229418781e-05
3.115031648941059131e-05
3.090564392660075777e-05
3.066255404347879848e-05
3.042103899424042902e-05
3.018109095766242708e-05
2.994270213710141618e-05
2.970586476049187004e-05
2.947057108034402886e-05
2.923681337374121935e-05
2.900458394233646994e-05
2.877387511234906169e-05
2.854467923456036768e-05
2.831698868430920443e-05
2.809079586148715635e-05
2.786609319053242624e-05
2.764287312042469890e-05
2.742112812467819544e-05
2.720085070133507999e-05
2.698203337295824298e-05
2.676466868662352199e-05
2.654874921391145502e-05
2.633426755089902365e-05
2.612121631815031531e-05
2.590958816070718898e-05
2.569937574807962922e-05
2.549057177423508705e-05
2.528316895758806826e-05
2.507716004098880011e-05
2.487253779171184719e-05
2.466929500144410725e-05
2.446742448627222774e-05
2.426691908667020858e-05
2.406777166748583270e-05
2.386997511792728297e-05
2.367352235154918639e-05
2.347840630623796392e-05
2.328461994419725803e-05
2.309215625193265228e-05
2.290100824023611300e-05
2.271116894417006508e-05
2.252263142305087142e-05
2.233538876043224467e-05
2.214943406408798466e-05
2.196476046599461426e-05
2.178136112231339176e-05
2.159922921337210984e-05
2.141835794364625078e-05
2.123874054174040933e-05
2.106037026036842132e-05
2.088324037633403776e-05
2.070734419051045713e-05
2.053267502782015583e-05
2.035922623721396648e-05
2.018699119164972248e-05
2.001596328807101450e-05
1.984613594738511336e-05
1.967750261444077436e-05
1.951005675800557754e-05
1.934379187074325757e-05
1.917870146919002422e-05
1.901477909373132984e-05
1.885201830857772561e-05
1.869041270174058889e-05
1.852995588500752885e-05
1.837064149391741586e-05
1.821246318773514337e-05
1.805541464942602036e-05
1.789948958562968272e-05
1.774468172663411651e-05
1.759098482634889840e-05
1.743839266227824994e-05
1.728689903549405444e-05
1.713649777060813527e-05
1.698718271574448335e-05
1.683894774251112891e-05
1.669178674597178279e-05
1.654569364461692550e-05
1.640066238033475405e-05
1.625668691838206089e-05
1.611376124735433709e-05
1.597187937915582799e-05
1.583103534896958213e-05
1.569122321522653117e-05
1.555243705957484423e-05
1.541467098684901795e-05
1.527791912503802469e-05
1.514217562525413661e-05
1.500743466170057749e-05
1.487369043163946425e-05
1.474093715535932828e-05
1.460916907614219299e-05
1.447838046023068011e-05
1.434856559679450787e-05
1.421971879789695018e-05
1.409183439846115181e-05
1.396490675623565077e-05
1.383893025176031066e-05
1.371389928833147032e-05
1.358980829196713756e-05
1.346665171137182377e-05
1.334442401790093121e-05
1.322311970552545719e-05
1.310273329079573768e-05
1.298325931280534840e-05
1.286469233315488408e-05
1.274702693591509890e-05
1.263025772758995557e-05
1.251437933707980649e-05
1.239938641564360251e-05
1.228527363686162352e-05
1.217203569659741275e-05
1.205966731295976364e-05
1.194816322626449834e-05
1.183751819899577522e-05
1.172772701576741335e-05
1.161878448328394765e-05
1.151068543030128925e-05
1.140342470758741470e-05
1.129699718788268252e-05
1.119139776585988027e-05
1.108662135808433108e-05
1.098266290297344436e-05
1.087951736075614468e-05
1.077717971343250383e-05
1.067564496473238530e-05
1.057490814007460545e-05
1.047496428652554574e-05
1.037580847275757024e-05
1.027743578900734311e-05
1.017984134703385473e-05
1.008302028007637499e-05
9.986967742812069473e-06
9.891678911313552894e-06
9.797148983006090267e-06
9.703373176624806469e-06
9.610346732171601069e-06
9.518064910871819204e-06
9.426522995130846220e-06
9.335716288490575267e-06
9.245640115585434423e-06
9.156289822098513781e-06
9.067660774717428254e-06
8.979748361089909332e-06
8.892547989779329076e-06
8.806055090220093668e-06
8.720265112672647329e-06
8.635173528178635474e-06
8.550775828515673157e-06
8.467067526151861090e-06
8.384044154200543923e-06
8.301701266374426471e-06
8.220034436939871198e-06
8.139039260670892476e-06
8.058711352803035638e-06
7.979046348987023945e-06
7.900039905242466548e-06
7.821687697911095484e-06
7.743985423610211060e-06
7.666928799185619001e-06
7.590513561664781063e-06
7.514735468209444713e-06
7.439590296068578590e-06
7.365073842530718433e-06
7.291181924876436673e-06
7.217910380330709535e-06
7.145255066014888577e-06
7.073211858898860269e-06
7.001776655752832028e-06
6.930945373099068284e-06
6.860713947163622307e-06
6.791078333827647905e-06
6.722034508578929657e-06
6.653578466463033678e-06
6.585706222034451604e-06
6.518413809307530281e-06
6.451697281707514105e-06
6.385552712021160463e-06
6.319976192347356864e-06
6.254963834047881216e-06
6.190511767697508207e-06
6.126616143034612025e-06
6.063273128911153309e-06
6.000478913242821935e-06
5.938229702959156096e-06
5.876521723953223461e-06
5.815351221031490382e-06
5.754714457863567421e-06
5.694607716931643184e-06
5.635027299480040965e-06
5.575969525464637327e-06
5.517430733502051985e-06
5.459407280818857165e-06
5.401895543200748009e-06
5.344891914941465640e-06
5.288392808791771046e-06
5.232394655908214841e-06
5.176893905801935809e-06
5.121887026287251939e-06
5.067370503430321759e-06
5.013340841497534611e-06
4.959794562903965317e-06
4.906728208161731421e-06
4.854138335828176800e-06
4.802021522454144203e-06
4.750374362531936096e-06
4.699193468443428803e-06
4.648475470408066384e-06
4.598217016430625805e-06
4.548414772249118480e-06
4.499065421282511400e-06
4.450165664578381346e-06
4.401712220760535212e-06
4.353701825976598155e-06
4.306131233845435714e-06
4.258997215404628449e-06
4.212296559057808521e-06
4.166026070521962376e-06
4.120182572774712267e-06
4.074762906001484266e-06
4.029763927542627152e-06
3.985182511840549080e-06
3.941015550386706029e-06
3.897259951668598713e-06
3.853912641116707663e-06
3.810970561051413903e-06
3.768430670629758274e-06
3.726289945792336281e-06
3.684545379209969318e-06
3.643193980230430534e-06
3.602232774825174509e-06
3.561658805535865750e-06
3.521469131421021556e-06
3.481660828002616745e-06
3.442230987212471981e-06
3.403176717338835215e-06
3.364495142972841578e-06
3.326183404954806411e-06
3.288238660320769020e-06
3.250658082248728945e-06
3.213438860004999984e-06
3.176578198890575213e-06
3.140073320187304401e-06
3.103921461104204398e-06
3.068119874723659839e-06
3.032665829947643330e-06
2.997556611443858550e-06
2.962789519591968058e-06
2.928361870429678379e-06
2.894270995598874633e-06
2.860514242291769570e-06
2.827088973196931903e-06
2.793992566445450164e-06
2.761222415556921222e-06
2.728775929385558237e-06
2.696650532066185534e-06
2.664843662960368577e-06
2.633352776602338116e-06
2.602175342645062563e-06
2.571308845806291145e-06
2.540750785814498808e-06
2.510498677354957739e-06
2.480550050015703021e-06
2.450902448233547414e-06
2.421553431240114763e-06
2.392500573007803533e-06
2.363741462195813872e-06
2.335273702096184411e-06
2.307094910579761724e-06
2.279202720042260003e-06
2.251594777350283035e-06
2.224268743787335168e-06
2.197222294999908088e-06
2.170453120943507881e-06
2.143958925828717243e-06
2.117737428067323764e-06
2.091786360218338938e-06
2.066103468934159483e-06
2.040686514906666818e-06
2.015533272813371865e-06
1.990641531263549681e-06
1.966009092744482511e-06
1.941633773567553346e-06
1.917513403814524543e-06
1.893645827283778347e-06
1.870028901436535589e-06
1.846660497343183018e-06
1.823538499629536264e-06
1.800660806423195333e-06
1.778025329299914928e-06
1.755629993229978160e-06
1.733472736524610275e-06
1.711551510782420131e-06
1.689864280835908579e-06
1.668409024697922646e-06
1.647183733508250525e-06
1.626186411480168085e-06
1.605415075847040214e-06
1.584867756808993957e-06
1.564542497479580642e-06
1.544437353832481832e-06
1.524550394648317353e-06
1.504879701461370734e-06
1.485423368506489979e-06
1.466179502665938372e-06
1.447146223416308801e-06
1.428321662775492294e-06
1.409703965249714326e-06
1.391291287780538290e-06
1.373081799692014455e-06
1.355073682637785514e-06
1.337265130548303510e-06
1.319654349578080016e-06
1.302239558052946896e-06
1.285018986417426548e-06
1.267990877182124808e-06
1.251153484871163026e-06
1.234505075969684254e-06
1.218043928871399678e-06
1.201768333826236894e-06
1.185676592887935466e-06
1.169767019861830306e-06
1.154037940252594193e-06
1.138487691212087217e-06
1.123114621487255157e-06
1.107917091368079087e-06
1.092893472635590848e-06
1.078042148509968567e-06
1.063361513598650591e-06
1.048849973844562503e-06
1.034505946474378872e-06
1.020327859946853816e-06
1.006314153901225261e-06
9.924632791056801888e-07
9.787736974058823457e-07
9.652438816735899571e-07
9.518723157553093306e-07
9.386574944210397271e-07
9.255979233131024066e-07
9.126921188949948733e-07
8.999386084003666695e-07
8.873359297820436622e-07
8.748826316611295156e-07
8.625772732761704797e-07
8.504184244324297632e-07
8.384046654511932468e-07
8.265345871191925109e-07
8.148067906380678852e-07
8.032198875739410835e-07
7.917724998070613180e-07
7.804632594814998015e-07
7.692908089549721503e-07
7.582538007487069512e-07
7.473508974974215839e-07
7.365807718993478061e-07
7.259421066663788890e-07
7.154335944742631262e-07
7.050539379129219640e-07
6.948018494368200111e-07
6.846760513154330933e-07
6.746752755838081047e-07
6.647982639932139158e-07
6.550437679618545375e-07
6.454105485257001292e-07
6.358973762894082159e-07
6.265030313772978447e-07
6.172263033844608546e-07
6.080659913279436623e-07
5.990209035980075039e-07
5.900898579095141433e-07
5.812716812533755326e-07
5.725652098481103030e-07
5.639692890915004184e-07
5.554827735123320030e-07
5.471045267222307180e-07
5.388334213676200648e-07
5.306683390817315688e-07
5.226081704367586408e-07
5.146518148960798957e-07
5.067981807665885614e-07
4.990461851511349673e-07
4.913947539010400769e-07
4.838428215687415821e-07
4.763893313605262875e-07
4.690332350893664170e-07
4.617734931278496741e-07
4.546090743612324950e-07
4.475389561405832964e-07
4.405621242360272638e-07
4.336775727901077108e-07
4.268843042712490835e-07
4.201813294273174261e-07
4.135676672392993254e-07
4.070423448750823408e-07
4.006043976433418945e-07
3.942528689475448953e-07
3.879868102400447343e-07
3.818052809763091074e-07
3.757073485692404278e-07
3.696920883436107479e-07
3.637585834906088593e-07
3.579059250225041779e-07
3.521332117274108964e-07
3.464395501241750626e-07
3.408240544173698657e-07
3.352858464524024140e-07
3.298240556707472494e-07
3.244378190652714474e-07
3.191262811356975189e-07
3.138885938441708148e-07
3.087239165709402737e-07
3.036314160701631018e-07
2.986102664258273488e-07
2.936596490077754393e-07
2.887787524278694239e-07
2.839667724962598329e-07
2.792229121777723733e-07
2.745463815484214157e-07
2.699363977520428610e-07
2.653921849570339968e-07
2.609129743132329031e-07
2.564980039089081309e-07
2.521465187278676536e-07
2.478577706066951913e-07
2.436310181921117894e-07
2.394655268984466125e-07
2.353605688652491653e-07
2.313154229150075523e-07
2.273293745110029503e-07
2.234017157152847042e-07
2.195317451467665483e-07
2.157187679394533501e-07
2.119620957007911501e-07
2.082610464701417688e-07
2.046149446773842833e-07
2.010231211016488523e-07
1.974849128301656324e-07
1.939996632172510455e-07
1.905667218434236427e-07
1.871854444746345290e-07
1.838551930216425781e-07
1.805753354995071725e-07
1.773452459872148018e-07
1.741643045874374805e-07
1.710318973864115231e-07
1.679474164139607130e-07
1.649102596036369170e-07
1.619198307530010161e-07
1.589755394840283243e-07
1.560768012036515968e-07
1.532230370644291874e-07
1.504136739253508223e-07
1.476481443127771522e-07
1.449258863815033419e-07
1.422463438759657288e-07
1.396089660915767011e-07
1.370132078361938311e-07
1.344585293917234479e-07
1.319443964758609267e-07
1.294702802039589863e-07
1.270356570510381290e-07
1.246400088139301707e-07
1.222828225735518166e-07
1.199635906573235568e-07
1.176818106017148616e-07
1.154369851149322348e-07
1.132286220397418524e-07
1.110562343164270382e-07
1.089193399458843884e-07
1.068174619528585447e-07
1.047501283493113940e-07
1.027168720979289910e-07
1.007172310757719067e-07
9.875074803805437894e-08
9.681697058207207772e-08
9.491545111125949293e-08
9.304574679939130445e-08
9.120741955492205679e-08
8.940003598546552811e-08
8.762316736240963761e-08
8.587638958567632804e-08
8.415928314861801893e-08
8.247143310305540851e-08
8.081242902445339489e-08
7.918186497724295164e-08
7.757933948027429349e-08
7.600445547242148880e-08
7.445682027831928867e-08
7.293604557424544715e-08
7.144174735414507826e-08
6.997354589579276182e-08
6.853106572709860507e-08
6.711393559255792944e-08
6.572178841983787214e-08
6.435426128651105391e-08
6.301099538692862337e-08
6.169163599923622500e-08
6.039583245253380377e-08
5.912323809417511743e-08
5.787351025721291850e-08
5.664631022798641138e-08
5.544130321384981320e-08
5.425815831104594263e-08
5.309654847272367853e-08
5.195615047709563568e-08
5.083664489574254920e-08
4.973771606206082081e-08
4.865905203984969983e-08
4.760034459204856761e-08
4.656128914961423392e-08
4.554158478054131569e-08
4.454093415902931129e-08
4.355904353479296898e-08
4.259562270251515538e-08
4.165038497144596947e-08
4.072304713514625594e-08
3.981332944137329421e-08
3.892095556211271984e-08
3.804565256375579812e-08
3.718715087741819843e-08
3.634518426940684719e-08
3.551948981182846695e-08
3.470980785334483078e-08
3.391588199007272707e-08
3.313745903662642422e-08
3.237428899730771775e-08
3.162612503743983391e-08
3.089272345484504445e-08
3.017384365146857318e-08
2.946924810514755691e-08
2.877870234152319807e-08
2.810197490609947041e-08
2.743883733644678330e-08
2.678906413454854968e-08
2.615243273929589211e-08
2.552872349912396217e-08
2.491771964479534583e-08
2.431920726232834449e-08
2.373297526606834840e-08
2.315881537190558788e-08
2.259652207063805814e-08
2.204589260147798301e-08
2.150672692570351513e-08
2.097882770045575844e-08
2.046200025267967056e-08
1.995605255321000294e-08
1.946079519100229550e-08
1.897604134750750606e-08
1.850160677119170428e-08
1.803730975220061140e-08
1.758297109716740443e-08
1.713841410416606106e-08
1.670346453780851824e-08
1.627795060448546897e-08
1.586170292775194226e-08
1.545455452385731197e-08
1.505634077741772317e-08
1.466689941723434043e-08
1.428607049225382148e-08
1.391369634767303476e-08
1.354962160118801570e-08
1.319369311938513184e-08
1.284575999427667541e-08
1.250567351997945062e-08
1.217328716953611738e-08
1.184845657188024282e-08
1.153103948894410925e-08
1.122089579290873105e-08
1.091788744359764547e-08
1.062187846601213470e-08
1.033273492800972237e-08
1.005032491812453969e-08
9.774518523530178444e-09
9.505187808144021666e-09
9.242206790873819585e-09
8.985451424006236239e-09
8.734799571736078000e-09
8.490130988837861686e-09
8.251327299478145658e-09
8.018271976168800902e-09
7.790850318861811072e-09
7.568949434183892515e-09
7.352458214812517521e-09
7.141267318991883291e-09
6.935269150189022678e-09
6.734357836890131139e-09
6.538429212536745110e-09
6.347380795601214288e-09
6.161111769801872316e-09
5.979522964457568372e-09
5.802516834980602616e-09
5.629997443509434484e-09
5.461870439678913896e-09
5.298043041529726960e-09
5.138424016555807125e-09
4.982923662889303997e-09
4.831453790623692970e-09
4.683927703274482205e-09
4.540260179376502036e-09
4.400367454219005958e-09
4.264167201717147239e-09
4.131578516419966796e-09
4.002521895654693822e-09
3.876919221807474143e-09
3.754693744739191216e-09
3.635770064337424947e-09
3.520074113203449378e-09
3.407533139474069102e-09
3.298075689778537984e-09
3.191631592329709858e-09
3.088131940149390601e-09
2.987509074427717027e-09
2.889696568016087001e-09
2.794629209053407896e-09
2.702242984725548429e-09
2.612475065157303177e-09
2.525263787437060439e-09
2.440548639773625021e-09
2.358270245784655382e-09
2.278370348916993072e-09
2.200791796998059361e-09
2.125478526918175934e-09
2.052375549443539604e-09
1.981428934159639260e-09
1.912585794544341245e-09
1.845794273170924592e-09
1.781003527040289204e-09
1.718163713042105981e-09
1.657225973544803428e-09
1.598142422113599959e-09
1.540866129356705362e-09
1.485351108899092529e-09
1.431552303483445115e-09
1.379425571198064800e-09
1.328927671831378954e-09
1.280016253352607623e-09
1.232649838518119363e-09
1.186787811603491435e-09
1.142390405260429406e-09
1.099418687498487200e-09
1.057834548791139495e-09
1.017600689305710145e-09
9.786806062569564466e-10
9.410385813837471969e-10
9.046396685485565902e-10
8.694496814593142624e-10
8.354351815132695407e-10
8.025634657623901359e-10
7.708025549999565455e-10
7.401211819679288599e-10
7.104887796846185090e-10
6.818754698923495881e-10
6.542520516245684769e-10
6.275899898920807005e-10
6.018614044879575003e-10
5.770390589106227323e-10
5.530963494047837415e-10
5.300072941197104206e-10
5.077465223844067797e-10
4.862892640992790153e-10
4.656113392438519520e-10
4.456891474999921063e-10
4.264996579903494101e-10
4.080203991313707387e-10
3.902294486005771695e-10
3.731054234175463160e-10
3.566274701382121485e-10
3.407752551618964026e-10
3.255289551507213132e-10
3.108692475608647154e-10
2.967773012851396983e-10
2.832347674065036749e-10
2.702237700619550687e-10
2.577268974162919915e-10
2.457271927453402113e-10
2.342081456280319365e-10
2.231536832469342084e-10
2.125481617966701561e-10
2.023763579997201103e-10
1.926234607291237632e-10
1.832750627375530781e-10
1.743171524922123075e-10
1.657361061150925683e-10
1.575186794280254700e-10
1.496520001019902961e-10
1.421235599102008425e-10
1.349212070843626416e-10
1.280331387736333712e-10
1.214478936056931516e-10
1.151543443494002358e-10
1.091416906784852076e-10
1.033994520357328001e-10
9.791746059707869274e-11
9.268585433508572495e-11
8.769507018123141000e-11
8.293583728642615780e-11
7.839917037921180866e-11
7.407636322107122274e-11
6.995898215824949050e-11
6.603885976953487975e-11
6.230808860940694765e-11
5.875901504595941430e-11
5.538423319302462622e-11
5.217657893589981345e-11
4.912912405007236467e-11
4.623517041236433129e-11
4.348824430387950388e-11
4.088209080414994291e-11
3.841066827588326588e-11
3.606814293968492884e-11
3.384888353815418705e-11
3.174745608872832835e-11
2.975861872465058641e-11
2.787731662344641857e-11
2.609867702227454360e-11
2.441800431951714845e-11
2.283077526198415098e-11
2.133263421708861861e-11
1.991938852934760875e-11
1.858700396057314348e-11
1.733160021310018487e-11
1.614944653539806423e-11
1.503695740941884582e-11
1.399068831901579808e-11
1.300733159877855290e-11
1.208371236261739398e-11
1.121678451142735432e-11
1.040362681916587732e-11
9.641439096666112001e-12
8.927538432512291193e-12
8.259355510290816964e-12
7.634431001540278949e-12
7.050412033707492416e-12
6.505048732422531657e-12
5.996190837398444797e-12
5.521784391257259959e-12
5.079868500583975967e-12
4.668572168505102040e-12
4.286111198082700844e-12
3.930785165817322311e-12
3.600974464544600546e-12
3.295137415008925791e-12
3.011807445395951090e-12
2.749590338100101756e-12
2.507161543000418738e-12
2.283263556516892914e-12
2.076703365712728856e-12
1.886349956708328852e-12
1.711131886667013451e-12
1.550034918609877929e-12
1.402099718314919651e-12
1.266419612551293224e-12
1.142138407896147082e-12
1.028448269379582124e-12
9.245876581986731992e-13
8.298393277386348028e-13
7.435283771369216876e-13
6.650203616210177417e-13
5.937194588494351766e-13
5.290666904805822566e-13
4.705381981921643619e-13
4.176435733694816799e-13
3.699242396788066335e-13
3.269518877381039841e-13
2.883269610942720386e-13
2.536771927131811353e-13
2.226561911852159000e-13
1.949420758459255498e-13
1.702361600083778031e-13
1.482616815002307711e-13
1.287625796957268710e-13
1.115023182293414074e-13
9.626275257468139059e-14
8.284304166912891469e-14
7.105860276141110936e-14
6.074010865610135266e-14
5.173252652593618181e-14
4.389419745956208878e-14
3.709595590913732553e-14
3.122028819910517008e-14
2.616052925414813993e-14
2.182009670125415346e-14
1.811176149757231173e-14
1.495695423257143198e-14
1.228510624985087969e-14
1.003302473074519017e-14
8.144300878697040876e-15
6.568750340202326289e-15
5.261884994945395945e-15
4.184415244565934346e-15
3.301781926340260705e-15
2.583716974872702952e-15
2.003831951731917796e-15
1.539233559795939943e-15
1.170165255902865809e-15
8.796740722382075455e-16
6.533017537278042796e-16
4.787993155405301893e-16
3.458641216448798675e-16
2.458985822048992354e-16
1.717895644415489040e-16
1.177076084295465371e-16
7.892503614516661175e-17
5.165203892583775042e-17
3.288982535118773918e-17
2.029990840382818037e-17
1.208860761921327085e-17
6.905838786122775767e-18
3.757260612881548233e-18
1.928844629599484006e-18
9.229314532872601714e-19
4.048334006673584075e-19
1.590402929652851779e-19
5.408215784159491455e-20
1.509939593242285908e-20
3.167843214602607793e-21
4.230255826287041566e-22
2.476862176674678913e-23
1.935823718919541075e-25
0.000000000000000000e+00
